15009.0,16127.0,7971.0,5807.0,6660.0,8005.0,4388.0,8320.0,13692.0,5057.0,15199.0,4393.0,7462.0,3052.0,6352.0,12298.0,18912.0,4940.0,8841.0,8646.0,7893.0,6780.0,17522.0,11424.0,5496.0,14851.0,5190.0,7539.0,16851.0,4660.0,3426.0,9113.0,
5500.0,19905.0,15813.0,11121.0,5596.0,5147.0,15735.0,5750.0,4111.0,16802.0,12002.0,7680.0,13034.0,11170.0,9972.0,6658.0,3344.0,15834.0,13071.0,15904.0,
15076.0,15284.0,8200.0,18888.0,5596.0,17523.0,19299.0,16365.0,3799.0,4577.0,3337.0,14054.0,8407.0,2760.0,15803.0,3400.0,13130.0,16251.0,18133.0,15452.0,9130.5,2809.0,11851.0,19753.0,16413.0,14962.0,7708.0,4292.5,9425.0,14801.0,9937.0,12558.0,18084.0,8630.0,18956.0,12699.5,6443.0,11842.0,7300.0,13457.0,13763.0,8412.0,9511.0,17859.0,
3671.0,4973.0,5736.0,11414.0,10227.0,8566.0,13401.0,4373.0,18027.0,16849.0,9797.0,19529.0,13855.0,18032.0,16331.0,14094.0,18531.0,14168.0,11758.0,6228.0,3331.0,18345.0,19327.0,
17413.0,9959.0,9506.0,7651.0,18291.0,10932.0,15099.0,18795.0,5610.0,5232.0,14955.0,12464.0,14153.0,6998.0,9404.0,7767.0,4907.0,12154.0,19401.0,3667.0,4361.0,12128.0,17924.0,3275.0,11005.0,14298.0,
12355.0,16744.0,4931.0,13946.0,12725.0,17807.0,8261.0,18471.0,6427.0,5543.5,4660.0,17035.0,6995.0,17767.0,6687.0,4265.0,8912.0,14874.0,10558.0,5396.0,
7929.0,15025.0,12964.0,2635.0,14235.0,3289.0,5692.0,13692.0,4432.0,3553.0,13303.0,7927.0,11585.0,13762.0,17834.0,5670.0,19739.0,6667.0,19115.0,19951.0,14555.5,9160.0,4184.0,17514.0,13673.0,16810.0,9457.5,4548.0,3583.0,4088.0,9284.0,8980.0,19507.0,6720.0,11729.0,12109.0,12768.0,5680.0,9406.0,13132.0,15092.0,18887.0,8359.0,3477.0,10906.0,6600.0,14187.0,2810.0,11905.0,13973.0,5629.0,5057.0,
15150.0,7747.0,7121.0,16192.0,2686.0,9917.0,4139.0,17654.0,10789.0,11502.0,7548.0,7403.0,18874.0,11364.0,18113.0,13627.0,14657.0,13278.0,11899.0,3817.0,3680.0,13659.0,17424.0,19304.0,9857.0,12929.0,16352.0,11338.0,6657.0,9715.0,8318.0,6294.0,15872.0,17621.0,7713.0,15737.0,4879.0,10274.0,10089.0,19341.0,7154.0,12763.0,9620.0,6210.0,12778.0,
19466.0,16286.0,14358.0,3948.0,17696.0,8528.0,3966.0,10968.0,13325.0,18454.0,3271.0,3935.0,5208.0,10999.0,14470.0,19199.0,9397.0,12681.0,3587.0,10281.0,14578.0,16100.0,10308.0,14756.0,6828.0,12321.0,13042.0,13763.0,6364.0,2922.0,13155.0,7586.0,4142.0,12517.0,3829.0,7497.0,11165.0,5088.0,4699.0,4310.0,12759.0,15519.0,9954.0,16372.0,7123.0,5768.0,18734.0,17215.0,
19752.0,12605.0,11441.0,16588.0,13530.0,2876.0,15591.0,2863.0,18885.0,12778.0,3693.0,8850.0,11228.5,13607.0,14299.0,8582.0,15263.0,13632.0,5041.0,14001.0,3300.0,19312.0,9580.0,15648.0,10316.0,9495.0,8065.0,4727.0,5680.0,18263.0,14826.0,8498.0,12574.5,16651.0,10563.0,4852.0,10056.0,7917.0,12634.0,8708.0,9526.0,8606.0,4896.0,16226.0,15915.0,19228.0,17604.0,12586.0,14217.0,14760.0,3284.0,15897.0,15262.0,7456.0,
4835.0,9212.0,12362.0,16636.0,14699.0,7382.0,3032.0,8171.0,3709.0,17304.0,6326.0,10134.5,13943.0,17739.0,5958.0,14928.0,9238.0,3548.0,3319.0,3090.0,12799.0,7824.0,12537.0,12343.0,12898.0,10758.0,12651.0,11241.0,6001.0,18849.0,19535.0,13175.5,6816.0,13187.0,7572.0,11216.0,10429.0,17630.0,7645.0,11274.0,
14219.0,12302.0,10678.0,12778.0,8624.0,5470.0,7601.0,9359.0,14114.0,3892.0,9154.0,8790.0,11585.0,18546.0,17073.0,15207.0,13341.0,9785.0,5960.0,9564.0,14415.0,19266.0,15960.5,12655.0,9846.0,19626.0,17043.0,15976.0,14909.0,13103.0,14992.0,19641.0,3729.0,7837.0,5346.0,6203.0,3397.0,10711.0,8488.0,6824.0,3948.0,12689.0,15902.0,9169.0,3199.0,9158.5,15118.0,17295.0,4743.0,3474.0,19114.0,10461.0,
2596.0,9821.0,2516.0,18078.0,9821.0,3710.0,17054.0,9007.0,15939.0,2874.0,8222.0,19858.0,18687.0,9696.0,19748.0,18515.5,17283.0,14096.0,5926.0,15504.0,3662.5,6620.0,4359.0,11055.0,15246.0,10697.0,3245.0,11650.0,12270.0,10549.0,
4420.0,17948.0,12870.0,3536.0,17590.0,8912.0,4222.0,18183.0,7295.0,10448.0,6786.0,13508.0,16106.0,7890.0,10445.0,13000.0,17151.0,5411.0,10528.0,12309.0,18694.0,2879.0,2548.0,4349.0,4739.0,14939.0,9017.0,13285.0,17553.0,17599.0,16647.0,6008.0,13150.0,10841.0,12809.0,6424.0,12971.0,3761.0,5804.0,7847.0,14390.0,8701.0,14082.0,3354.0,
17130.0,5621.0,5492.0,18203.0,17952.0,19875.0,14444.0,8107.0,15068.0,11484.0,19292.0,11614.0,14579.0,4145.0,15795.0,6788.0,15171.0,5861.0,14814.0,15001.0,13699.0,7756.0,11815.0,14253.0,8008.0,8837.0,14543.0,13558.0,5368.0,8702.0,12862.5,17023.0,15821.0,17246.5,18672.0,19284.0,8471.0,9553.0,4022.0,18843.0,5829.0,4988.0,4147.0,18366.0,13986.0,12993.0,14431.0,11275.0,
2661.0,15199.0,7431.0,8907.0,12400.0,19797.0,12291.0,9539.0,10009.0,7018.0,13469.0,15116.0,19714.0,8843.0,19087.0,4249.0,5353.0,11349.0,12812.0,7419.0,5658.0,9337.0,12627.0,3911.0,11869.0,14099.0,15452.0,19241.0,16125.5,13010.0,8038.0,3066.0,7745.0,9171.0,10597.0,9614.0,17289.0,14122.0,10955.0,14082.0,15794.0,17037.0,12507.0,8095.0,8531.0,18353.0,12538.0,6723.0,11856.0,3582.0,8341.0,6910.0,17856.0,8057.0,8200.5,8344.0,19133.0,19041.0,5390.0,10425.0,12325.0,2604.0,3442.0,8400.0,7314.0,11428.0,
5001.0,19846.0,3247.0,4638.0,7712.0,6144.0,17014.0,7432.0,8993.0,8783.0,8573.0,7160.0,8789.0,11625.0,2769.0,11313.0,9412.0,5292.0,19590.0,17387.0,9571.0,18789.0,14318.0,17192.0,
6590.0,9831.0,11598.0,4292.0,13059.0,17426.0,16955.0,4815.0,17654.0,9205.0,12492.0,13201.0,6224.0,5349.0,12341.0,15784.0,14372.0,16975.0,15175.5,13376.0,11305.0,9101.0,9359.0,12100.0,2777.0,3039.5,3302.0,10569.0,3475.0,4037.0,3435.0,10904.0,5079.0,4624.0,12984.0,15685.0,8297.0,5901.0,10007.0,14429.0,17202.0,17057.0,
4112.0,8542.0,9175.0,10968.0,4723.0,10116.0,10483.0,18623.0,15049.0,14085.0,14919.0,10070.0,7834.0,8590.0,11736.0,6496.0,12969.0,18724.0,16836.0,2978.0,6909.0,4101.5,13508.0,13991.0,14474.0,13687.0,3779.0,7695.0,15623.0,19440.0,14701.0,8918.0,7923.0,3043.0,17896.0,5838.0,19211.0,16428.0,11171.5,5915.0,16397.0,13208.0,8401.0,5279.0,5872.0,19933.0,4262.0,3476.0,2574.0,
17642.0,8668.0,19490.0,5598.0,9956.0,10632.0,11387.0,11885.0,6978.0,15045.0,17536.0,5766.0,8307.0,6405.0,7671.0,16975.0,8231.0,14478.0,4753.0,3639.0,10955.5,18272.0,8183.0,12353.5,16524.0,13834.0,9032.5,4231.0,13910.0,7925.0,8580.0,17941.0,14135.0,10952.0,19035.0,16075.0,12767.0,13278.0,2710.0,
3354.0,3398.0,12366.0,16253.0,5462.0,8455.0,13761.0,12955.0,3244.0,14122.0,16221.0,14602.0,14303.0,7139.0,18629.0,14667.0,4325.0,6771.0,10228.0,
19246.0,6167.0,4840.0,10008.0,3022.0,3168.0,13737.0,14869.0,4511.0,13096.0,14165.0,15234.0,11927.0,13541.0,5587.0,5410.0,8633.0,5433.0,11832.0,19262.0,14390.0,8235.5,9863.0,10955.0,10775.5,10596.0,14611.0,11187.0,14480.0,15003.0,4151.0,17905.0,16139.0,4551.0,19677.0,11025.0,19811.0,8739.0,14766.0,19754.0,
13265.0,17113.0,11246.0,4602.0,10556.0,18422.0,11155.0,18371.0,8430.0,6442.0,4261.0,4967.0,14939.0,13462.0,15475.5,17489.0,16478.0,9321.0,5859.0,8033.5,10208.0,12170.0,10612.0,8160.0,13441.0,10452.5,7464.0,19323.0,12572.0,8803.0,14370.0,19937.0,14545.0,16580.0,18615.0,10529.0,5966.0,13318.0,7132.0,15893.0,16123.5,16354.0,10996.0,16638.0,18379.0,12897.0,14194.0,
5826.0,16731.0,17382.0,12173.0,10972.0,19004.0,12529.0,10848.0,13834.0,15018.0,10425.0,19441.0,7672.0,14604.0,18010.0,15021.5,12033.0,10751.0,9469.0,2742.0,12673.0,11069.0,14882.0,8627.0,7956.0,9619.0,16123.0,16639.0,13424.0,12157.0,3925.0,15165.0,8339.0,17538.0,14450.0,5518.0,11074.0,3326.0,18454.0,15267.0,14223.0,9912.0,2898.0,2707.0,7120.0,11785.0,16582.0,16751.0,13812.0,15338.0,16864.0,18039.0,19773.0,3284.0,14453.0,
19833.0,18334.0,17266.0,11026.0,5961.0,7670.0,18950.0,18098.0,12385.0,15614.0,6811.0,12236.0,10181.0,3307.0,10738.0,6781.5,2825.0,5837.5,8850.0,10220.0,9398.0,9521.0,4554.0,9439.0,15199.0,2776.0,13548.0,13842.0,7609.0,15561.0,16834.0,14116.0,11658.0,14139.0,19404.0,15483.0,13618.0,8629.0,7841.0,3947.0,19274.0,8580.0,8655.0,18951.0,16504.0,16117.0,12500.0,3555.0,2616.0,16490.0,6504.0,11900.0,4822.0,7261.0,19128.0,
19135.0,15364.0,17755.0,6416.0,7575.0,3473.0,3925.0,14932.0,4413.0,4278.0,10051.0,3477.5,5892.0,18698.0,18422.0,15962.0,8838.0,13992.5,19147.0,10083.0,7099.0,13570.0,5062.0,12510.0,14120.0,2685.0,10732.0,13391.0,8461.0,11670.0,3294.0,7800.0,4381.5,7160.0,7595.0,14993.0,11780.0,17982.0,16175.0,11702.0,12529.0,5724.0,5047.5,4371.0,11559.0,12380.0,6846.0,4321.0,12014.0,
9571.0,7393.0,4631.0,7572.0,18206.0,14251.0,12613.0,15881.0,10416.0,6511.0,12047.0,15212.0,8595.0,10561.0,4829.0,14327.0,9671.0,18564.0,18240.0,3881.0,11041.0,13488.0,5917.0,3887.0,17802.0,18046.0,12021.0,5121.0,14408.0,9696.5,4985.0,6960.0,8066.0,11474.5,14883.0,8054.0,4844.0,17820.0,4165.0,15499.0,7007.0,3675.0,3300.5,6270.0,6103.5,5937.0,13930.0,3166.0,17759.0,19618.0,16288.0,15175.0,13884.5,12594.0,12665.0,17747.0,14744.0,6729.0,9858.5,12988.0,17831.0,5754.0,16987.0,19498.0,6864.0,9819.0,
4554.0,10495.0,9550.0,17884.0,13622.0,3511.0,4164.0,15206.0,4103.0,8992.0,9658.0,16923.0,3702.0,4642.0,7869.0,10954.0,10476.0,9755.0,4534.0,19015.0,18564.0,17394.0,19110.0,15745.0,14239.0,14488.0,18133.0,6677.0,11949.0,11011.0,14536.0,18061.0,2515.0,13733.0,8810.0,9458.0,18900.0,11789.0,10971.0,17039.0,7098.0,6953.0,6808.0,2788.0,14990.0,12045.0,2577.0,19893.0,4882.0,14630.0,3958.0,13724.0,16372.0,15073.0,5862.0,14259.0,7760.0,17018.0,7003.0,
2560.0,12177.0,3735.0,15340.0,14597.0,12460.0,6831.0,11573.0,10635.0,11059.0,18045.0,13268.0,11064.0,15904.0,16362.0,12417.0,10837.5,9258.0,3885.0,9572.0,16919.0,11645.0,15413.0,10335.0,14258.0,18181.0,18787.0,14551.0,10319.0,17799.0,18410.0,11715.0,15178.0,9898.0,4468.5,7731.0,7391.0,7776.0,10389.5,13003.0,12768.5,12534.0,11689.0,18082.0,9207.0,12000.0,11024.0,15207.0,2588.0,10777.0,13206.0,6141.0,
17730.0,18082.0,15697.0,12247.0,11385.0,2706.0,12545.0,13786.0,11541.0,16415.0,12603.0,2721.0,10017.0,17313.0,19104.0,8860.0,13617.5,18375.0,5866.0,11461.0,6985.5,2510.0,8078.0,11202.0,15476.0,19750.0,3845.0,5214.5,6584.0,18795.0,14827.0,10855.0,9228.0,10118.0,4739.0,5827.0,9920.0,3982.0,7194.0,12260.0,12745.0,19745.0,2582.0,18066.0,9535.0,16488.0,2822.0,11258.0,
18438.0,17155.0,16422.0,2946.0,13468.0,18364.0,6230.0,19734.0,13353.0,13763.0,16792.0,12902.0,12875.0,3161.0,11671.0,12368.5,13066.0,19040.0,18776.0,17760.5,16745.0,5521.0,8493.5,15059.0,17452.0,18032.5,18613.0,15013.0,13616.0,4919.0,8581.0,15827.0,12267.5,8708.0,12859.0,17010.0,18415.0,9503.5,11800.0,6490.0,19676.0,19746.0,17965.0,10245.0,7678.0,5111.0,3522.0,3241.0,14681.0,14466.0,17731.0,18614.0,3848.0,7950.0,17568.0,14770.0,3997.0,6507.0,16773.0,16586.0,14331.0,17329.0,19362.0,19785.0,
8812.0,9239.0,19252.0,11358.0,18765.0,9632.0,4906.0,11012.0,7384.0,2863.0,7983.0,7983.0,14574.0,15128.0,7717.0,8365.0,19044.0,2795.0,19912.0,11348.0,9196.0,5832.5,16127.0,3261.0,11624.0,6231.0,10495.0,2739.0,18550.0,19866.0,7066.0,3880.0,5344.0,6808.0,16234.0,7584.0,9659.0,19288.0,13168.0,7002.5,13749.0,12727.0,18952.0,10322.0,18117.0,15535.0,19164.0,11351.0,17560.0,10581.0,13622.0,3359.0,6410.0,18693.0,8537.0,16203.0,7156.0,8326.0,15108.0,12790.0,18019.0,19903.0,
9116.0,9843.0,19048.0,8365.0,13310.0,3862.0,2830.0,3266.0,15055.0,9114.0,9952.0,10250.0,16798.0,18735.0,11076.0,5406.0,6037.5,9634.0,5030.0,18716.0,15914.0,15833.0,15557.0,13431.5,11306.0,15622.0,12845.0,9515.0,14686.5,19858.0,6948.0,18776.0,14467.0,9655.0,18848.0,6652.0,10862.0,16268.0,18290.0,11062.0,3625.0,14030.0,18231.0,7221.0,6558.0,15833.0,13847.0,14871.0,15443.0,12043.0,6652.0,6123.0,5552.0,17468.0,9415.0,7077.0,
9955.0,3256.0,8037.0,4858.0,17782.0,9574.0,9864.0,8137.0,13326.0,19926.0,19296.0,18666.0,16176.0,13686.0,14159.0,2804.0,10550.0,18296.0,5769.0,15734.0,13461.0,12334.0,3928.0,2716.0,3800.0,16302.0,16475.0,18299.0,7251.0,4454.0,2559.0,5893.0,19408.0,6915.0,13275.0,6083.0,7044.0,8005.0,14461.0,15534.0,7781.0,11365.0,13014.0,7424.0,10475.0,
12933.0,19791.0,11101.0,4662.0,10958.0,15340.0,3515.0,17757.0,17463.0,12051.0,8645.0,4991.0,16002.0,17324.0,18153.0,19191.0,3763.0,2555.0,5546.0,18156.0,17331.0,12824.0,16040.0,19256.0,17163.0,3393.0,17847.0,9524.0,11063.0,18738.0,5743.0,10522.0,19183.0,18673.0,9350.0,16820.0,3053.0,4205.0,8106.0,7628.0,19599.0,11033.0,14772.0,18511.0,18305.5,18100.0,6259.0,10975.0,7058.0,3055.0,6650.0,19899.0,14187.0,2919.0,18392.0,
3485.0,4059.0,16681.0,11177.0,19613.0,17229.0,10559.0,2704.0,4987.0,9169.0,3883.0,17252.0,16635.0,7166.0,8171.0,17912.0,8170.0,13844.0,16557.0,17826.0,16561.0,4163.0,16358.0,13479.0,17571.0,16735.0,8802.0,11231.0,14386.0,12672.0,18234.0,6778.0,18740.0,18197.0,17492.0,
2644.0,11880.0,14141.0,3154.0,14094.0,18935.0,7690.0,4784.0,3236.0,13368.0,11246.0,11588.0,12389.0,4025.0,8488.0,10990.0,7141.5,3293.0,12985.0,17844.0,9842.5,15700.0,17802.0,19904.0,3625.0,15254.0,15005.5,14757.0,11632.0,15401.0,19170.0,12367.0,17587.0,5345.0,7052.0,15280.0,14806.0,2754.0,10755.0,10488.0,5132.0,2947.5,9618.0,7138.0,15216.0,4106.0,
2834.0,15317.0,19775.0,8927.0,9113.0,8604.0,18774.0,9272.0,13341.0,14145.0,5962.0,11935.0,18132.0,10986.0,4502.0,5396.0,10144.0,4264.0,4919.0,17059.0,19163.0,12217.0,5900.0,18862.0,4021.0,8833.0,14375.0,16488.0,16572.0,4288.0,5782.0,15644.0,5194.0,17591.0,11286.0,7433.5,3581.0,12587.0,7281.0,10654.0,10959.0,11365.0,11771.0,3162.0,8863.0,16910.0,8307.0,
15621.0,8130.0,8525.0,2637.0,15615.0,9200.0,19891.0,10687.0,14055.0,4762.0,12241.0,5864.0,11999.5,18135.0,16685.0,12140.0,15379.0,9681.0,4788.0,18499.0,12089.0,16821.0,7675.0,4144.0,6924.0,10380.0,7441.0,15827.0,6096.0,12998.0,14847.0,14799.0,12771.0,5987.0,17043.0,19442.0,14713.0,3914.0,6843.0,17073.0,17226.0,11753.0,19181.0,3056.0,5241.0,16381.0,6834.0,17322.0,11886.0,3183.0,2772.0,9828.0,
13343.0,17749.0,8357.0,19168.0,12805.0,3433.0,12930.0,17830.0,8100.0,2938.0,2650.0,7088.0,8457.0,14388.0,16859.0,9819.0,19929.0,14908.0,19846.0,
3755.0,16869.0,15952.0,7983.0,17022.0,4117.0,19246.0,18941.0,9984.0,8968.0,12958.0,6818.0,12718.0,4931.0,5564.0,9608.0,3159.0,4731.0,8704.0,3991.0,3226.0,5740.0,8143.0,10546.0,9593.0,14536.0,17963.0,7348.0,13207.0,6739.0,12839.0,4175.0,19703.0,5679.0,11004.0,9266.0,12183.0,7644.0,17435.0,16438.0,17327.0,8379.0,18715.0,5098.0,6732.0,8366.0,5249.0,18735.0,10928.0,14335.0,5793.0,5394.5,4996.0,5890.0,4988.0,10942.0,9469.0,2768.0,4957.0,10988.0,8232.0,4039.0,9308.0,
14374.0,14780.0,15863.0,19207.0,4611.0,12009.0,3977.0,14808.0,12549.0,14977.0,13368.0,3736.0,11453.0,13188.0,12638.0,10117.0,6457.0,17583.0,5868.0,13902.0,12455.0,9077.0,3633.0,16959.0,5823.0,6527.0,5607.0,
2654.0,14534.0,19153.0,8984.0,15240.0,19539.0,5060.0,2898.0,10033.0,12730.0,15427.0,14399.0,17472.0,4040.0,19527.0,14937.5,10348.0,7590.0,17049.0,13816.0,17877.0,11370.0,5685.5,2784.0,4277.0,9201.0,7520.0,13067.0,8479.0,9235.0,13464.0,18506.0,12265.0,17181.0,6298.0,15190.0,19306.0,3308.0,2658.0,14727.0,10685.0,9552.5,8420.0,19186.0,6650.0,7764.0,14295.0,9107.0,7994.0,4860.0,8864.5,12869.0,5280.0,6258.0,19486.0,8425.0,17147.0,10852.0,2881.0,4258.0,19616.0,19037.0,16740.0,19368.0,19844.0,18757.0,14656.0,17365.0,18327.0,
12587.0,13152.0,11233.0,11872.0,3891.0,11188.0,2660.0,4736.0,12784.0,13909.0,3404.0,6749.0,6790.0,2702.0,11143.0,4798.0,
17573.0,13766.0,4003.0,16535.0,17826.0,7981.0,7115.0,12370.0,19892.0,18173.0,10681.0,3189.0,18495.0,12088.0,11393.0,10698.0,14629.0,14229.0,8370.0,5965.5,3561.0,4033.0,4505.0,8226.0,16721.0,13503.0,10051.0,3145.0,18476.0,9251.0,17963.0,9542.5,6081.0,3791.5,5984.0,12932.0,18755.0,7453.0,19781.0,
14745.0,10773.0,13977.0,16044.0,7348.0,14108.0,13037.0,5251.0,17654.0,13539.0,17648.0,15432.0,5903.0,10395.0,5206.0,16468.0,14692.0,13928.0,15609.0,15825.0,13283.0,12540.0,5928.0,6519.0,11872.0,2646.0,3908.0,6633.0,4644.0,4932.0,11936.0,19911.0,4207.0,7479.0,9110.0,3089.0,
13814.0,13613.0,16699.0,15892.0,19964.0,16655.0,6707.0,2784.0,16348.0,7470.0,11121.0,9506.0,10193.0,17916.0,2588.0,18226.0,6351.0,8721.5,11092.0,17856.0,19915.0,9991.0,15400.0,16235.0,11093.0,12309.0,5978.0,5389.0,13880.0,16448.0,10737.0,13243.0,13112.0,12078.0,12649.5,13221.0,12364.0,14477.0,4124.0,8667.0,
14870.0,13880.0,13333.0,9622.0,16763.0,19226.0,4201.0,4303.0,2974.0,11737.0,4299.0,17178.0,8884.0,19083.0,12006.0,9908.0,5079.0,4943.0,9636.0,16348.0,10894.5,5441.0,16635.0,15129.0,13623.0,14363.0,19709.0,11431.0,16704.0,19168.0,16957.0,16648.0,16091.0,9892.0,9580.0,3021.0,7203.0,5484.0,9497.0,18178.0,19921.0,7683.0,5220.0,4527.0,6419.0,18090.0,5045.0,9104.0,5779.0,5715.0,7555.0,
10098.0,10908.0,13930.0,18873.0,3226.0,5200.0,8678.0,15218.0,5956.0,8937.0,5098.0,12087.0,18689.0,16449.5,14210.0,3609.0,6401.0,15679.0,4930.0,14492.0,8528.0,18135.0,10808.0,13874.0,7384.0,19476.0,7585.0,5181.0,2720.0,5666.0,9834.0,14002.0,9452.5,4903.0,3651.0,14906.0,3126.0,2945.0,15702.0,3795.0,19270.0,17559.0,14544.0,3215.0,3443.0,7452.0,11043.0,17521.0,10705.0,10898.0,14925.0,9147.0,2864.0,15569.0,8035.0,14622.0,
15131.0,11906.0,7112.0,16895.0,11261.0,3006.0,16563.0,5837.0,6006.0,15659.0,14521.0,10106.0,8757.5,7409.0,3238.0,5232.0,15048.0,13453.0,16675.0,14931.0,9798.0,11003.0,11962.0,17941.0,15155.0,18820.0,14284.0,17949.0,9322.0,19232.0,10783.0,10096.0,7258.0,8802.0,19584.0,
19495.0,10306.0,6284.0,13276.0,14725.0,6894.0,6408.0,6115.0,6314.0,3116.0,3809.0,13569.0,14380.0,9413.0,19211.0,4096.0,6004.0,9041.0,12481.0,13531.0,15873.0,16956.5,18040.0,18693.0,12689.0,10328.0,
5313.0,8848.0,7232.0,16682.0,18751.0,15563.0,18245.0,11042.0,18220.0,13766.0,9459.0,17762.0,8597.0,17777.0,11782.0,7875.0,10270.0,4636.0,16660.0,6234.0,3564.0,13197.0,9917.0,14031.0,11750.0,13272.0,18077.0,10949.0,9881.0,4167.0,16611.0,19242.0,13061.0,6880.0,9251.0,5550.0,11668.0,5013.0,3087.0,19495.0,5958.0,11432.5,16907.0,19981.0,6924.0,4994.0,17033.0,10560.0,15031.0,
3187.0,15069.0,4511.0,3262.0,19066.0,3179.0,11188.0,10842.0,10419.0,11498.0,4272.0,18389.0,5838.0,4155.0,16874.0,14564.0,12635.0,19624.0,13056.0,7462.5,13268.0,7188.0,8548.0,11180.0,11495.0,9879.0,3420.0,13946.0,8241.0,13281.0,15130.5,16980.0,6447.0,5193.0,3939.0,9297.0,2611.0,8389.0,10750.0,4821.0,14424.0,8163.0,8784.0,10527.0,7623.0,7204.0,6785.0,4537.0,11104.0,12669.0,18486.0,11528.0,6268.0,13795.0,18185.0,16448.0,16707.0,
3927.0,19720.0,14401.0,4212.0,12981.0,16242.0,6106.0,6984.0,13497.0,6569.0,8411.0,18247.0,17185.0,14046.5,10908.0,6831.0,2754.0,8372.5,13991.0,16787.0,19583.0,4311.0,11523.5,18736.0,8041.0,12225.0,15456.0,13793.5,12131.0,14371.0,5265.0,10748.0,11211.0,10496.0,17759.0,12669.0,7721.0,5947.0,9966.0,12497.0,7873.0,3249.0,18916.0,12194.5,5473.0,7830.0,13038.0,9627.0,11876.0,15793.0,3960.0,19752.0,3060.0,19213.0,2873.0,6549.0,9771.0,9877.0,9983.0,2732.0,11699.0,7094.0,
15276.0,15253.0,9543.0,17737.0,9733.0,10287.0,9872.0,11775.0,16102.0,13243.0,6313.0,11013.0,3409.0,8231.0,9494.0,7949.0,6404.0,13386.0,17967.0,12216.0,7110.0,12572.0,18034.0,10139.0,11539.0,18278.0,17975.0,14499.0,3166.0,14347.0,7306.0,11827.5,16349.0,18611.0,19224.0,19837.0,14268.0,9017.0,5833.0,10100.0,14576.0,14451.0,14283.0,14043.0,4174.0,12683.0,6464.0,14419.0,17529.0,14434.0,7941.0,5836.0,19421.0,17646.0,7501.0,7457.0,
19033.0,9337.0,11967.0,18042.0,15032.0,7002.0,11516.0,11622.0,16144.0,8747.0,7003.0,5433.0,15449.0,9213.0,2977.0,6946.0,19379.0,4901.0,5647.0,13704.0,3435.0,13133.0,2904.0,9746.0,11802.0,19153.0,12440.0,8695.0,12666.0,5501.5,9247.0,4616.0,6179.0,5011.0,3647.0,11429.0,16667.0,10071.0,13747.0,10206.0,4470.0,11915.0,10416.0,9570.0,11499.0,13428.0,15833.0,9340.0,9457.0,3313.0,14138.0,7413.0,11617.0,7273.0,5296.0,18441.0,6760.0,2894.0,3714.0,9063.0,8588.0,16181.0,12924.0,18490.0,
8362.0,17796.0,18143.0,7741.0,4041.0,13552.0,10205.0,3554.0,9911.0,16664.0,15404.0,8510.0,19713.0,14610.0,19446.0,18386.0,17633.0,3335.0,19144.0,3131.0,8828.0,10175.0,5233.0,2659.0,16651.0,
5437.0,14762.0,12705.0,3829.0,17092.0,4514.0,10227.0,11925.0,17580.0,13662.0,14358.0,17136.0,19914.0,15986.0,10888.0,2669.0,5071.0,17042.0,11641.0,5684.0,10633.0,13831.0,11400.5,8970.0,12551.0,15647.5,18744.0,19995.0,18895.0,3475.0,18123.0,7629.0,11458.0,2635.0,18795.0,9541.0,9019.0,12965.0,8374.0,15066.0,4602.0,
4840.0,7656.0,17490.0,6036.0,13653.0,13182.0,18586.0,10771.0,17411.0,15657.0,8035.0,13964.0,4419.0,13747.0,14651.0,15555.0,14745.0,6720.0,9132.0,7871.0,14005.0,7532.0,8121.0,8710.0,3365.0,5885.0,5762.0,11235.5,16709.0,3960.0,7813.0,7764.0,17940.0,16595.0,10163.0,9220.0,4630.0,3393.0,8464.0,11433.0,11281.5,11130.0,5773.5,6243.0,9964.0,13685.0,15743.5,17802.0,3930.0,10323.0,9440.0,18491.0,17781.0,12176.0,10541.0,15810.0,
18237.0,17068.0,4426.0,4035.0,19878.0,17133.0,14465.0,17239.0,11195.0,4960.0,16958.0,12925.0,6548.0,10225.0,3177.0,4738.0,6299.0,5821.0,16197.0,12073.5,7950.0,6548.0,3051.0,18258.0,6589.0,7769.0,7385.0,16738.0,
10158.0,9052.0,14556.0,4452.0,3782.0,15372.0,14570.0,3499.0,2722.0,12873.0,15186.0,3205.0,18213.0,4252.0,9685.0,12358.0,3622.0,2656.5,18014.0,19847.0,7793.0,16699.0,8291.0,5884.0,8366.0,9864.0,17398.0,
4486.0,3306.0,10109.0,11751.0,15390.0,19925.0,12562.0,15779.0,10475.0,3817.0,18301.0,10920.0,6431.0,9344.0,
11939.0,13421.0,11577.0,7022.0,15352.0,19953.0,18114.0,12096.0,10219.0,8021.0,10881.0,5200.0,19145.0,7960.0,3641.0,7020.0,8400.0,13392.0,17253.0,8183.0,18220.0,
6168.0,16864.0,13262.0,18814.0,12074.0,15480.0,4734.0,3884.0,13090.0,19493.0,13409.0,6206.0,7182.0,9079.0,18133.0,9075.0,11720.0,8996.0,8667.0,13673.0,18249.0,9492.0,15663.0,13328.0,15941.0,11676.0,7411.0,16499.0,14717.0,6883.0,5217.0,9529.0,8153.0,6777.0,6779.0,14409.0,7075.0,3380.0,19431.0,2958.0,13580.0,19005.0,5891.0,18349.0,15726.0,
10736.0,10621.0,9859.0,15606.0,19878.0,5670.0,15626.0,12622.0,8789.0,16457.0,14187.0,13861.0,12699.0,18167.0,14123.0,13540.0,6049.0,17420.0,12187.0,15295.0,8534.0,10314.0,16447.0,9023.0,9195.0,12484.0,6116.0,2828.0,18097.0,15492.0,7197.0,
13391.0,18207.0,6777.0,13969.0,9593.0,9785.0,13743.0,9417.0,15333.0,17547.0,7116.0,6892.0,5328.5,3765.0,18510.0,11240.0,6331.5,7373.0,11615.0,18581.0,17304.0,8571.0,8791.0,10561.0,13149.0,13796.0,8338.0,8543.0,8872.0,11756.0,
4523.0,16273.0,14778.0,3814.0,15731.0,19001.0,2807.0,11114.0,19119.0,6442.0,3657.0,16088.0,16137.0,12615.5,9094.0,6125.0,16779.0,12268.0,7757.0,11295.0,14833.0,9838.5,4844.0,17818.0,5539.0,3458.5,8289.0,10865.5,19931.0,18133.0,16335.0,18173.0,16585.0,6866.0,5071.0,17654.0,15057.0,2524.0,6796.0,11822.0,16554.0,19753.0,15050.0,6317.0,13291.0,16849.0,11757.0,10364.0,11081.0,10721.0,
18946.0,11624.0,10737.0,14902.0,12451.0,2629.0,16928.0,5747.0,14242.0,7767.0,9651.0,14739.0,11300.0,4016.5,6313.0,10261.0,9437.0,7924.0,5614.5,3305.0,13881.0,16345.0,13104.0,7945.0,7628.0,12905.0,8379.0,2934.0,6804.0,8647.0,15950.0,2869.0,6854.0,8499.0,10144.0,2947.0,17283.0,9290.0,5011.0,16155.0,11176.0,6197.0,9157.0,12117.0,10232.5,8348.0,14830.0,9199.0,13234.0,14798.0,19164.0,17344.0,10305.0,10551.0,5232.0,8953.0,6937.0,19216.0,17619.0,7107.0,12814.0,16419.0,19064.0,19041.0,8775.0,7594.0,6358.0,8658.0,11747.0,
10664.0,16815.0,4627.0,5039.0,15281.0,16811.0,16915.0,4934.0,3912.0,15374.0,11610.0,9476.0,11848.0,19158.0,7385.0,3793.0,4463.0,8184.5,11906.0,13542.0,8892.0,13759.0,17819.0,11563.0,16638.0,15625.0,5565.0,3034.5,4246.0,18167.0,8671.0,15138.0,15181.0,10654.0,9959.0,19140.0,8501.0,14345.0,11539.0,18070.0,10818.0,5748.0,19333.0,17425.0,11757.0,11430.0,15042.0,4774.0,13016.0,5184.0,12039.0,4133.0,14968.0,4455.0,3564.5,6116.0,18833.0,3131.0,13589.0,5448.0,10053.0,19411.0,6198.0,4648.0,10615.0,6806.0,12588.0,
13416.0,18740.0,17166.0,15527.0,14821.0,9107.0,8926.0,7456.0,16199.0,17593.0,17002.0,9402.0,18155.0,13990.0,6961.0,12320.0,13763.0,11693.0,12143.0,7971.0,7348.0,7627.5,7907.0,15967.0,13665.0,9005.0,9007.0,9009.0,6279.0,10162.0,9975.0,19678.0,12283.0,4888.0,8089.0,2915.0,10272.0,17629.0,19480.0,17665.0,14380.0,10074.0,5245.0,16998.0,16850.0,9134.0,14646.0,7178.0,12627.0,5213.0,10266.0,14808.0,13884.0,10738.0,16400.0,8444.0,11376.5,14309.0,14678.0,17023.0,5270.0,3312.0,
14405.0,10217.0,13767.0,6844.0,17591.0,4543.0,18389.0,6765.0,19372.0,3656.0,5007.5,6359.0,8158.5,14091.0,19713.0,18502.0,12338.5,6175.0,6830.0,5791.0,14454.0,12383.0,18899.0,9845.0,18076.0,11100.0,7422.0,3715.0,3952.0,3066.0,11896.0,6456.0,10142.0,13828.0,8983.0,16950.0,16852.0,8427.0,13513.0,18599.0,15165.0,10390.0,8393.0,6396.0,15861.0,3424.0,9594.0,12051.0,
3372.0,5865.0,19184.0,17349.0,18033.0,6034.0,5532.0,6574.0,17849.0,12763.0,7560.0,11776.0,4373.0,4694.0,2627.0,7901.5,13176.0,10062.0,16339.0,16527.5,16716.0,10119.0,12437.5,14756.0,10521.0,9952.0,3573.0,7060.0,10547.0,6852.0,10712.0,11014.0,11366.0,9559.0,4705.0,13013.0,9503.0,16844.0,9176.0,16480.0,9758.0,3788.0,11609.0,10234.0,12368.0,13643.0,8244.0,10035.0,16202.0,19438.0,13277.0,10434.0,13666.0,14049.5,14433.0,11623.5,8814.0,12857.0,15019.0,2544.5,4918.0,10864.0,9674.0,8873.0,16498.0,15275.0,5012.0,
3239.0,5100.0,2676.0,5826.0,18643.0,5712.0,15049.0,10307.0,14490.0,15547.0,6541.0,8222.0,2709.0,18529.0,2529.0,8448.0,14367.0,3843.0,4748.0,7047.0,
8792.0,8098.0,4709.0,15473.0,13461.0,10248.0,14785.0,8392.0,6546.0,19422.0,19685.0,19506.0,7444.0,12650.0,17856.0,17129.0,16402.0,9728.0,10699.0,12530.5,14362.0,13543.0,14927.0,14393.0,10127.0,19983.0,16783.5,13584.0,18075.0,9174.5,17628.0,14637.0,16754.0,18333.0,3656.0,8311.0,4872.0,12172.0,6662.0,11205.0,10952.0,15988.0,5967.0,19542.0,10547.0,4785.0,14323.0,10910.0,4318.0,8875.0,7052.0,3566.0,14898.0,14322.5,13747.0,16812.0,19877.0,14065.0,15252.0,17894.0,3154.0,10848.0,
10380.0,19929.0,10137.0,4869.0,3585.0,12002.0,11059.0,17836.0,4058.0,2948.0,14109.0,4834.0,15523.0,8671.5,16563.0,6651.0,6794.5,6938.0,2987.0,6217.5,9448.0,19072.0,6218.0,8844.0,8838.0,6134.0,11063.0,10720.0,3794.0,13248.0,7000.0,16205.0,4712.0,11936.0,19160.0,3925.0,10658.0,6225.0,18942.0,11152.0,7500.5,3849.0,3482.0,11209.0,6724.0,14552.0,18547.0,17119.5,15692.0,4848.0,2503.0,19984.0,17083.0,12424.0,11825.0,7566.0,15768.0,16101.0,10804.0,5833.0,8326.0,18700.0,2649.0,
18892.0,13494.0,12911.0,13591.0,6473.0,7508.0,8243.0,17730.0,8529.0,5343.0,14458.0,9185.5,15993.0,16149.0,5212.0,15908.0,10768.0,2705.0,15912.0,9839.0,16623.0,9508.0,16923.0,18298.0,2573.0,15103.0,4339.0,14506.0,10783.0,3809.0,5953.0,4078.0,2652.5,15315.0,18398.0,19902.0,3537.0,14105.0,8158.5,7745.0,16820.0,6513.0,4799.0,
18546.0,8573.0,14328.0,14888.0,15358.0,16122.0,4740.0,7986.0,6313.0,15707.0,16253.0,19812.0,3225.0,8562.0,10203.0,16957.0,14977.0,5781.0,3856.0,
7294.0,12038.0,8944.0,8096.0,9035.0,13652.0,7495.0,5204.0,13909.0,11510.0,5028.0,16720.0,12851.0,3240.0,16663.0,7229.0,9518.0,6017.5,2517.0,16946.0,9184.0,12734.5,16285.0,7676.0,14088.0,15091.0,18423.0,9206.0,18511.0,11823.0,8700.0,14119.0,4163.0,11067.5,17972.0,19633.0,11331.0,4099.0,5534.0,6969.0,15583.0,2858.0,8486.0,5685.0,15533.0,12764.0,
8729.0,17456.0,10020.0,6285.0,7229.0,7786.0,7830.0,4694.0,14400.0,9547.0,12235.0,15140.0,9490.0,5762.5,10711.0,14593.0,13711.0,5575.0,5863.0,6410.0,8990.0,16212.0,15208.0,9919.0,13375.0,3294.0,
5889.0,3645.0,9287.0,16404.0,19848.0,13972.0,10676.0,8716.0,8875.5,9035.0,10530.0,12025.0,5793.0,15157.0,12367.0,3084.0,11752.0,8108.0,4464.0,13587.0,17402.0,19022.0,9491.0,6209.0,15362.0,6168.0,19295.0,10820.0,18214.0,12059.0,9834.5,7610.0,10941.0,9691.0,17150.0,11070.0,19176.0,8547.0,13594.0,12294.0,10994.0,13042.0,12942.0,11474.0,6441.0,12019.0,4232.0,
5687.0,11797.0,16431.0,4196.0,5680.0,4250.0,6501.0,13778.0,6692.0,13466.0,3590.0,9228.0,13468.0,19823.0,6803.0,16061.0,7163.0,16717.0,13807.0,13797.0,18264.0,15122.0,8577.0,19661.0,3164.0,19409.0,15806.0,14903.5,14001.0,8037.0,14530.0,4096.0,12964.0,5391.0,9738.0,6955.0,2899.0,14120.0,7395.0,10990.0,12447.0,9003.0,16706.0,15038.0,16417.0,18815.0,18695.0,
14901.0,12646.0,12779.0,9235.0,4199.0,3458.0,18822.0,4123.0,3545.0,19333.0,13142.0,8528.0,2860.0,18336.0,3329.0,4957.0,17809.0,11235.0,19308.0,15174.0,14431.0,9367.5,4304.0,9816.0,11413.0,5241.0,11946.0,4541.0,17749.0,6066.0,5711.0,14730.0,
18931.0,2944.0,15791.0,12796.0,14621.0,15937.0,4434.0,5044.0,3726.0,12993.0,14131.0,19221.0,16413.0,4510.0,13471.0,10221.0,4420.0,15605.0,9512.0,16237.0,9218.0,18808.0,8953.0,7755.5,6558.0,9332.0,10938.0,10665.0,19345.0,17947.0,12171.0,12579.0,15566.0,12693.5,9821.0,17877.0,8613.0,10417.0,2621.0,11982.0,8459.0,9713.0,
18084.0,5682.0,13402.0,16589.0,11696.0,14600.0,11579.0,14782.0,10222.0,8477.0,12498.0,13313.0,12397.0,6037.0,5399.0,11729.0,7173.0,5725.0,11541.0,16666.0,5112.0,19843.0,3424.0,3795.0,7554.0,6741.0,9014.0,3654.0,10684.0,15222.0,13870.0,8982.0,17629.0,7935.0,7187.0,12254.0,9823.0,12460.5,15098.0,6250.0,14518.0,13791.0,16455.0,10816.0,19445.0,14808.0,13042.0,5783.0,5157.5,4532.0,12780.0,4141.0,4296.0,3373.5,5915.0,19222.0,19463.0,10074.5,12402.0,18957.0,10894.0,7542.0,7180.0,
16103.0,15283.0,9594.0,6561.0,10618.0,12699.0,13307.0,16548.0,10300.0,12012.0,16020.0,9429.0,15060.0,6296.0,10718.5,15141.0,10848.0,14671.0,13526.0,3371.0,18304.0,17208.0,7267.0,16816.0,10319.0,10110.0,9760.5,9411.0,10758.0,10073.0,12817.0,
12037.0,12092.0,3277.0,11378.0,5757.0,6050.0,8757.0,9527.0,8364.0,11839.0,17440.0,18689.5,19939.0,4098.5,7950.0,17178.0,15321.0,19100.0,12098.0,10078.0,13569.0,4115.0,7290.0,7219.5,7149.0,10677.0,6780.5,2884.0,13386.0,3589.0,7397.0,14411.0,15709.0,8888.0,2759.0,18629.0,
16082.0,10724.0,13339.0,5553.0,16805.0,15657.0,7887.0,15310.0,3292.0,2830.0,17806.0,17302.0,14604.0,17501.0,12812.0,11614.0,7583.0,9380.0,4788.0,19173.0,14920.0,12528.0,10136.0,18350.0,2837.0,6336.0,16470.0,4363.0,10527.5,16692.0,6750.0,6850.0,6150.0,4231.0,8503.0,17360.0,9471.0,14813.0,5958.0,6667.0,19589.0,17460.0,14246.0,15438.0,11051.0,14747.0,3873.0,9974.0,11075.0,8510.0,19295.0,19907.0,5295.0,13948.0,10603.0,16982.0,11931.5,6881.0,4059.0,5924.0,15942.0,16788.0,13781.0,3674.0,
18108.0,17022.0,10312.0,6113.0,3574.0,3740.0,3812.0,15713.0,11688.0,12492.0,4876.0,4253.0,7394.5,10536.0,9533.0,8407.0,3853.0,5996.0,8139.0,16439.0,2613.0,9209.0,17460.0,19712.0,5202.0,12627.0,11815.0,11003.0,6857.0,15468.0,13826.5,12185.0,17608.0,18245.0,8356.0,6048.0,11735.0,17422.0,9742.0,13302.0,9141.0,3329.0,7559.0,18225.0,6720.0,8856.0,19718.0,8839.0,12340.0,15959.0,19179.0,5154.0,18984.0,12767.0,10808.0,16121.0,2641.0,9121.0,4970.0,3956.0,
3405.0,4226.0,13717.0,5333.0,16670.0,3226.0,4188.0,15038.0,2925.0,15823.0,3585.0,10802.0,15378.0,19954.0,14662.0,6060.0,15653.0,4671.0,8599.0,16139.0,11554.0,6491.0,8478.0,3475.0,12181.0,8501.0,17985.0,15150.0,4395.0,15930.0,7419.0,19956.0,14650.5,9345.0,6629.0,7023.0,12392.0,9419.0,8148.0,15779.0,9923.0,13574.0,17225.0,19511.0,5919.0,12877.0,12216.0,9297.0,6602.0,7791.0,8980.0,4080.0,8636.0,15537.0,12143.0,18215.0,15683.0,19144.0,11460.0,16284.0,
6827.0,5268.0,6935.0,4395.0,2901.0,14249.0,16289.0,5695.0,11751.0,12840.0,10622.0,17108.0,7601.0,14935.0,3492.0,6698.0,10611.0,3686.0,18277.0,5038.0,4179.0,12202.0,4668.0,18984.0,9517.0,19400.0,3071.0,6143.0,6364.0,15767.0,18236.0,8039.0,16178.0,11340.0,12966.0,10963.0,10855.0,12873.0,9502.0,8094.0,15366.0,12559.0,19243.0,2776.0,8359.0,13942.0,17748.0,17044.0,7085.0,17316.0,6330.0,7762.0,
14327.0,17582.0,8909.0,11114.0,3049.0,5819.0,13654.0,15453.0,13171.0,9533.0,6756.0,4536.0,5514.0,10087.0,17069.0,9170.0,5050.0,11345.0,7620.0,8186.0,3904.0,15133.0,12238.0,11678.0,8717.0,4970.0,7692.0,7903.0,5211.0,5146.0,15558.0,18629.0,13019.0,4678.0,6292.0,17479.0,18903.0,14051.0,4857.0,19955.0,9262.0,4059.0,18998.0,7980.0,16705.0,16992.0,10460.0,6628.0,3616.0,9485.5,15355.0,4146.0,9266.0,6545.0,6964.0,12364.0,7543.0,2928.0,16789.0,5298.0,6692.0,2894.0,11202.0,5867.0,9407.0,18682.0,5901.0,
