1529009409
6341472267
-9120146459
-13567210167
8415865580
4148824298
6404862718
-8313968990
-6652607024
-10265088431
205680145
-3511081078
-1140174533
-772157289
6218198478
-1755192535
-16548090996
21004414700
32764143576
-4958577509
-3820031661
9524150981
-1681363013
-977548935
-8398898256
-1284415308
-773428354
7066926975
14048784143
-626431103
-8591816519
-13269728532
8640406795
22010293748
-15487046886
-1386841539
16169252489
16923012280
5521136426
-9593951272
-11749437051
-6844311962
-9255332792
-4922835962
363523146
-7620095859
-7899734876
9816769812
14468003789
-14527276655
6254642867
-2383693345
4244316527
-8616814826
-2882417436
5032449409
-1913912653
4901888014
-6256221355
907741882
-1301843938
-20514131846
-1614219637
5143465299
-1060699896
-4961012271
11408995906
20563962508
-3026744965
10969146346
3061020221
177170887
-9068908882
-4243439282
11312747281
5959000562
7189438649
565491867
-11888085460
-13251751089
6995029614
-11020231760
10950233584
5972345596
20168939845
3936881666
-20104664160
-7242500220
