15009,16127,7971,766,5807,210,6660,8005,4388,8320,405,13692,5057,15199,4393,7462,3052,6352,12298,18912,4940,8841,8646,7893,6780,17522,1877,11424,5496,14851,5190,618,7539,16851,4660,3426,9113
5500,19905,15813,11121,5596,5147,15735,5750,4111,16802,12002,7680,13034,11170,9972,NA,3344,15834,13071,15904,1968
421,15076,15284,8200,18888,5596,17523,19299,16365,3799,4577,1420,3337,14054,NA,2760,15803,3400,13130,16251,18133,15452,NA,2809,11851,19753,16413,14962,2214,7708,NA,877,9425,14801,9937,12558,18084,8630,18956,NA,6443,11842,7300,13457,13763,8412,9511,17859,1997
3671,4973,5736,11414,10227,8566,307,2496,13401,4373,18027,975,2408,16849,9797,19529,13855,1275,18032,16331,14094,1115,18531,14168,11758,6228,3331,545,18345,19327
17413,9959,9506,7651,18291,10932,15099,18795,5610,5232,14955,12464,14153,6998,9404,7767,2163,4907,NA,19401,3667,4361,12128,17924,3275,11005,14298
12355,1368,16744,1651,4931,13946,12725,17807,8261,18471,6427,NA,4660,17035,6995,17767,6687,NA,1843,8912,14874,10558,5396,364
7929,15025,12964,2060,2635,14235,3289,5692,13692,4432,1001,3553,13303,7927,11585,2190,13762,17834,5670,19739,6667,19115,19951,NA,9160,4184,17514,13673,16810,NA,2105,4548,3583,918,4088,9284,8980,19507,6720,11729,12109,12768,5680,NA,13132,15092,18887,8359,3477,10906,575,6600,14187,2810,11905,13973,1456,5629,5057
15150,7747,7121,16192,2686,9917,1896,4139,17654,829,10789,11502,932,1088,7548,7403,18874,100,11364,899,18113,13627,14657,NA,11899,3817,2232,3680,13659,17424,19304,1973,9857,12929,519,16352,11338,6657,9715,8318,348,NA,1968,6294,2078,2285,674,15872,17621,7713,15737,4879,10274,837,NA,19341,7154,12763,186,9620,6210,12778
19466,16286,14358,3948,17696,2294,8528,3966,10968,13325,18454,3271,1679,3935,5208,10999,14470,19199,9397,12681,3587,10281,14578,16100,10308,14756,6828,12321,NA,13763,6364,2922,13155,7586,183,4142,12517,3829,NA,11165,5088,NA,4310,12759,1076,15519,9954,16372,7123,5768,18734,17215
269,19752,12605,1196,11441,16588,699,13530,2876,15591,2863,18885,12778,3693,8850,NA,13607,14299,1901,NA,15263,13632,5041,14001,3300,19312,9580,15648,10316,9495,8065,4727,157,5680,507,18263,14826,8498,NA,16651,10563,4852,10056,7917,12634,8708,9526,8606,4896,16226,15915,537,19228,17604,12586,14217,14760,3284,1554,15897,15262,7456
4835,1889,9212,384,12362,16636,14699,7382,3032,8171,3709,17304,6326,NA,13943,17739,5958,14928,NA,3548,NA,3090,12799,7824,12537,12343,12898,10758,12651,1662,11241,6001,18849,19535,NA,6816,13187,7572,259,11216,10429,17630,7645,11274
14219,2261,12302,10678,12778,8624,5470,7601,9359,1066,14114,3892,9154,8790,11585,18546,17073,NA,13341,9785,5960,9564,NA,19266,NA,12655,9846,19626,17043,NA,14909,13103,14992,19641,3729,7837,238,5346,6203,NA,591,10711,8488,1048,6824,258,3948,190,12689,15902,NA,2436,3199,NA,15118,17295,4743,3474,19114,1970,10461
2596,9821,2516,18078,9821,3710,17054,9007,15939,399,2024,NA,2874,8222,19858,18687,NA,705,19748,NA,17283,14096,845,5926,15504,705,NA,6620,4359,11055,15246,10697,3245,11650,12270,10549
4420,17948,12870,3536,17590,8912,4222,18183,7295,10448,235,6786,13508,16106,7890,NA,13000,17151,294,NA,10528,12309,31,18694,2879,2548,4349,4739,14939,9017,NA,17553,17599,16647,2196,6008,13150,10841,12809,6424,12971,3761,NA,7847,14390,8701,14082,3354
17130,5621,5492,18203,17952,19875,14444,8107,15068,11484,19292,11614,14579,4145,15795,6788,15171,5861,14814,15001,13699,7756,11815,14253,8008,8837,14543,13558,5368,8702,NA,17023,15821,NA,18672,19284,8471,9553,4022,18843,5829,NA,4147,18366,13986,12993,14431,11275
2661,15199,7431,1907,8907,12400,19797,12291,9539,10009,7018,13469,15116,19714,8843,19087,4249,5353,1378,11349,12812,7419,5658,9337,12627,694,NA,3911,11869,14099,15452,19241,NA,13010,NA,3066,2076,7745,NA,10597,9614,17289,NA,10955,14082,15794,17037,12507,8095,8531,18353,NA,6723,11856,3582,8341,6910,17856,8057,NA,8344,19133,19041,5390,2247,10425,12325,2604,3442,8400,7314,11428
5001,19846,122,2290,3247,4638,7712,6144,1530,17014,409,7432,8993,NA,8573,7160,8789,11625,2769,11313,1611,9412,2421,5292,19590,17387,9571,18789,14318,17192
6590,9831,11598,4292,13059,17426,16955,4815,17654,9205,12492,13201,6224,5349,12341,15784,14372,16975,NA,13376,384,11305,9101,9359,12100,2777,NA,3302,10569,3475,4037,3435,10904,5079,4624,12984,15685,8297,5901,10007,1095,626,14429,17202,17057,555
4112,8542,9175,10968,4723,10116,10483,1564,18623,15049,14085,14919,10070,7834,2066,8590,11736,6496,12969,18724,16836,2978,6909,NA,1294,13508,NA,14474,13687,3779,7695,15623,19440,14701,8918,7923,3043,17896,5838,19211,16428,NA,5915,16397,13208,8401,5279,5872,19933,4262,3476,2574,741
17642,8668,19490,5598,9956,10632,11387,11885,6978,15045,17536,5766,8307,6405,7671,16975,8231,1297,1561,14478,4753,2197,3639,NA,18272,8183,NA,16524,13834,NA,4231,13910,7925,8580,17941,14135,10952,791,19035,16075,12767,13278,2710
3354,3398,12366,16253,5462,8455,13761,12955,3244,14122,16221,14602,4,14303,7139,18629,14667,4325,1884,6771,10228,475,835
19246,6167,4840,1731,10008,3022,3168,13737,14869,4511,13096,NA,15234,1756,11927,13541,5587,5410,8633,5433,1663,197,11832,2435,19262,14390,NA,2081,9863,10955,NA,10596,14611,11187,14480,15003,4151,17905,16139,4551,19677,11025,19811,8739,14766,19754
13265,17113,11246,4602,10556,18422,11155,18371,8430,6442,4261,4967,14939,2249,13462,NA,17489,20,2259,16478,1336,1515,9321,5859,NA,10208,12170,10612,8160,13441,NA,7464,19323,12572,8803,NA,19937,14545,NA,18615,558,10529,NA,1403,13318,7132,15893,NA,16354,10996,16638,18379,376,12897,14194
5826,16731,17382,12173,2123,2199,10972,19004,12529,10848,13834,15018,2496,10425,19441,7672,14604,18010,NA,12033,NA,9469,2742,12673,11069,14882,464,8627,7956,9619,16123,16639,13424,12157,3925,15165,8339,17538,14450,5518,11074,3326,18454,2234,15267,14223,9912,2898,2707,7120,11785,16582,16751,13812,NA,16864,18039,19773,877,3284,14453
19833,18334,17266,11026,5961,7670,18950,18098,12385,15614,6811,12236,10181,3307,10738,NA,2825,NA,8850,10220,9398,9521,4554,9439,15199,2776,13548,13842,7609,15561,16834,14116,1976,11658,14139,19404,1369,15483,13618,8629,7841,3947,835,19274,8580,8655,18951,16504,16117,12500,3555,2616,16490,6504,11900,4822,7261,19128
19135,2200,15364,17755,6416,7575,3473,3925,14932,4413,4278,10051,1063,NA,5892,18698,18422,15962,8838,NA,19147,10083,7099,13570,5062,1419,12510,14120,2685,10732,13391,8461,11670,3294,2280,7800,NA,963,7160,7595,14993,11780,17982,16175,11702,12529,5724,NA,4371,11559,12380,6846,4321,12014
9571,7393,4631,7572,18206,14251,12613,15881,669,10416,6511,1366,12047,618,15212,1441,8595,130,10561,2251,4829,14327,9671,18564,18240,3881,11041,247,13488,5917,3887,17802,18046,12021,5121,14408,NA,4985,6960,8066,NA,14883,8054,4844,17820,4165,15499,7007,3675,2446,331,NA,6270,NA,5937,2128,13930,3166,17759,19618,16288,15175,NA,12594,536,12665,1971,17747,14744,6729,NA,12988,17831,5754,16987,19498,6864,9819
610,4554,10495,9550,17884,13622,3511,4164,1105,15206,4103,8992,9658,16923,3702,4642,7869,10954,10476,9755,4534,19015,18564,17394,19110,15745,14239,14488,18133,6677,11949,11011,NA,18061,2515,13733,1838,8810,9458,18900,11789,10971,17039,7098,NA,6808,2788,14990,12045,2577,19893,1740,1981,4882,14630,3958,13724,16372,15073,5862,14259,7760,17018,7003
2560,431,12177,3735,15340,14597,12460,6831,11573,10635,11059,18045,13268,11064,15904,897,939,16362,12417,NA,9258,3885,9572,16919,11645,15413,10335,NA,18181,18787,14551,10319,17799,18410,2176,11715,15178,9898,1206,NA,7731,7391,7776,NA,13003,NA,12534,11689,18082,9207,12000,11024,15207,2588,10777,13206,6141
17730,18082,15697,12247,11385,1351,2706,12545,479,13786,11541,16415,12603,2218,2721,NA,17313,19104,1273,8860,NA,18375,5866,11461,NA,2510,8078,11202,NA,19750,3845,NA,6584,18795,1204,758,1640,14827,10855,9228,10118,4739,5827,9920,3982,7194,12260,12745,19745,2582,18066,9535,2050,16488,2822,11258
18438,17155,16422,2946,13468,18364,6230,19734,13353,13763,16792,12902,1530,12875,3161,463,11671,NA,13066,1811,NA,1355,19040,18776,NA,16745,5521,1928,NA,15059,17452,NA,18613,15013,13616,4919,8581,15827,NA,8708,NA,17010,18415,NA,592,11800,6490,735,19676,19746,17965,10245,NA,5111,477,3522,3241,14681,1625,14466,17731,18614,2345,3848,7950,2426,17568,14770,3997,6507,16773,1721,2130,16586,14331,17329,19362,19785,929
8812,9239,19252,11358,18765,9632,4906,11012,7384,2863,7983,7983,14574,15128,7717,8365,1740,19044,2795,19912,11348,9196,NA,2469,16127,3261,11624,6231,10495,2739,18550,19866,7066,3880,NA,6808,16234,259,7584,791,30,NA,19288,13168,NA,837,2437,13749,12727,18952,10322,18117,15535,19164,11351,17560,10581,13622,3359,6410,69,18693,8537,16203,7156,8326,15108,12790,18019,19903
516,9116,9843,19048,8365,13310,3862,2830,930,3266,15055,9114,9952,10250,16798,18735,11076,213,5406,2441,NA,9634,5030,18716,15914,15833,15557,NA,11306,15622,708,12845,9515,NA,19858,2251,6948,18776,14467,462,NA,18848,6652,10862,16268,18290,11062,3625,14030,18231,7221,6558,1634,15833,13847,14871,15443,12043,6652,6123,5552,1345,17468,9415,2285,7077
9955,3256,8037,4858,17782,9574,1432,9864,8137,13326,19926,NA,18666,NA,13686,14159,2804,NA,18296,5769,15734,13461,12334,3928,2716,3800,16302,16475,18299,7251,4454,99,2050,2559,5893,1142,19408,6915,13275,6083,NA,8005,14461,15534,900,7781,11365,13014,7424,10475
12933,19791,11101,4662,10958,334,15340,3515,17757,17463,12051,8645,4991,16002,17324,18153,19191,3763,NA,1347,5546,18156,17331,12824,NA,19256,17163,2320,3393,17847,9524,11063,18738,5743,10522,33,19183,18673,NA,27,16820,3053,4205,8106,7628,19599,11033,NA,18511,NA,18100,6259,10975,7058,3055,6650,19899,14187,2919,18392
3485,4059,16681,11177,1158,19613,17229,10559,2704,4987,9169,3883,17252,16635,7166,8171,17912,1847,8170,13844,16557,17826,2233,16561,4163,16358,13479,17571,16735,8802,11231,14386,12672,18234,6778,398,18740,18197,17492
2644,11880,14141,3154,14094,18935,7690,4784,3236,13368,11246,11588,12389,4025,8488,10990,NA,3293,12985,1694,82,17844,NA,1841,15700,NA,19904,2337,3625,NA,861,15254,NA,14757,1240,11632,NA,19170,12367,17587,5345,7052,15280,14806,2754,10755,10488,5132,NA,763,9618,7138,15216,4106
2834,15317,19775,8927,9113,8604,18774,9272,13341,14145,5962,11935,18132,10986,4502,5396,10144,4264,4919,17059,19163,12217,5900,18862,1545,4021,8833,14375,16488,16572,1979,4288,5782,15644,5194,17591,11286,NA,3581,12587,7281,176,10654,10959,NA,11771,3162,689,8863,16910,8307
15621,457,8130,8525,2637,15615,9200,19891,10687,14055,4762,12241,5864,NA,18135,16685,2222,12140,15379,911,9681,4788,2130,18499,12089,1477,16821,7675,4144,6924,10380,7441,353,15827,6096,12998,14847,14799,12771,1792,5987,17043,19442,14713,3914,6843,17073,17226,11753,19181,3056,5241,16381,6834,17322,377,11886,3183,2772,9828,973
13343,350,17749,8357,19168,12805,3433,12930,17830,8100,2938,2650,7088,8457,14388,1425,16859,9819,19929,14908,19846
3755,16869,1528,15952,7983,17022,4117,19246,18941,9984,1905,8968,12958,6818,12718,4931,1410,5564,9608,3159,4731,1439,8704,1705,1134,1362,3991,3226,5740,NA,10546,9593,14536,17963,7348,13207,639,NA,12839,4175,19703,5679,11004,9266,12183,7644,17435,16438,17327,8379,18715,5098,NA,8366,5249,18735,10928,14335,5793,NA,4996,5890,4988,10942,9469,2768,4957,237,10988,8232,4039,9308
14374,14780,15863,19207,4611,2031,12009,3977,14808,12549,14977,13368,3736,11453,13188,12638,10117,6457,17583,5868,13902,12455,9077,3633,16959,5823,6527,5607
342,2654,14534,19153,8984,15240,2289,19539,5060,2898,10033,NA,15427,14399,17472,4040,19527,NA,10348,7590,17049,13816,17877,11370,NA,1,2784,4277,9201,7520,2380,13067,8479,9235,13464,18506,12265,1584,17181,6298,1950,15190,19306,3308,2658,14727,10685,NA,8420,2077,19186,6650,7764,14295,9107,7994,4860,NA,12869,5280,6258,19486,555,8425,17147,10852,2881,4258,19616,1185,19037,16740,19368,19844,18757,14656,17365,18327
620,312,12587,13152,11233,11872,3891,1834,11188,2660,4736,12784,13909,3404,6749,2334,6790,2702,11143,4798
17573,13766,4003,16535,17826,7981,7115,2251,12370,19892,18173,NA,3189,18495,12088,NA,10698,14629,14229,8370,NA,3561,NA,4505,8226,16721,13503,10051,3145,2002,18476,9251,17963,NA,1122,1133,NA,1492,6081,1599,NA,5984,12932,18755,7453,19781
14745,10773,13977,16044,7348,14108,13037,5251,17654,13539,17648,15432,5903,10395,5206,16468,1820,14692,13928,1387,15609,15825,13283,12540,5928,1166,NA,11872,2646,3908,6633,4644,4932,11936,19911,4207,7479,9110,3089,1450
13814,13613,16699,15892,19964,16655,6707,2784,16348,7470,11121,9506,680,10193,17916,2588,18226,6351,NA,11092,2150,17856,19915,9991,15400,16235,11093,4,12309,5978,5389,13880,16448,10737,13243,13112,12078,NA,13221,12364,14477,4124,8667
14870,13880,13333,9622,1875,16763,19226,4201,4303,2974,11737,4299,17178,2049,8884,19083,1382,691,12006,9908,NA,250,NA,9636,16348,NA,5441,16635,NA,13623,14363,19709,11431,16704,19168,16957,16648,2261,16091,541,9892,9580,3021,7203,1471,NA,9497,18178,19921,7683,5220,116,NA,4527,6419,18090,5045,9104,5779,5715,7555
10098,1669,10908,13930,18873,3226,5200,8678,15218,5956,8937,5098,2334,12087,521,18689,NA,14210,3609,6401,15679,4930,14492,8528,18135,10808,13874,7384,19476,7585,5181,2720,5666,NA,14002,NA,4903,3651,14906,3126,1814,2945,15702,3795,19270,17559,14544,3215,3443,7452,11043,17521,10705,10898,14925,9147,2864,15569,8035,14622
15131,11906,7112,16895,11261,3006,16563,5837,6006,15659,14521,10106,NA,7409,3238,5232,15048,13453,16675,1050,752,14931,9798,11003,11962,17941,15155,18820,14284,17949,9322,19232,10783,10096,7258,8802,19584
19495,10306,6284,13276,14725,6894,6408,6115,6314,3116,3809,13569,2061,14380,9413,19211,4096,6004,9041,12481,13531,15873,NA,18040,18693,12689,500,10328
5313,206,8848,1498,7232,16682,1404,18751,15563,18245,329,11042,18220,13766,9459,17762,8597,922,17777,11782,7875,10270,4636,16660,6234,3564,1503,2349,13197,9917,14031,11750,13272,18077,10949,9881,4167,16611,19242,NA,6880,9251,638,5550,11668,637,5013,3087,19495,5958,NA,16907,19981,6924,4994,17033,10560,15031
3187,15069,4511,3262,19066,3179,11188,10842,10419,11498,4272,18389,291,1199,5838,1978,NA,2488,4155,16874,14564,12635,19624,13056,NA,1869,13268,7188,8548,11180,11495,9879,3420,13946,8241,13281,NA,16980,6447,NA,3939,9297,2611,8389,10750,4821,14424,8163,8784,10527,7623,NA,6785,4537,11104,975,12669,18486,11528,6268,13795,18185,16448,16707,2446
3927,19720,14401,96,4212,12981,16242,6106,6984,13497,6569,8411,18247,17185,NA,10908,NA,2754,NA,13991,NA,19583,4311,NA,18736,8041,12225,15456,NA,12131,14371,5265,10748,11211,601,10496,17759,12669,7721,5947,9966,12497,NA,3249,1121,18916,NA,5473,7830,13038,9627,169,11876,15793,3960,19752,3060,991,19213,2873,965,6549,157,9771,NA,9983,2732,11699,7094,1011
15276,15253,9543,17737,9733,10287,9872,11775,16102,13243,984,6313,11013,3409,8231,9494,NA,6404,13386,17967,12216,7110,NA,18034,10139,11539,18278,17975,14499,3166,14347,1741,7306,NA,16349,18611,NA,19837,2199,14268,9017,5833,10100,14576,14451,14283,14043,4174,12683,6464,750,1324,14419,17529,14434,7941,5836,19421,17646,7501,7457,1230
19033,9337,11967,18042,15032,7002,378,11516,11622,16144,8747,1414,7003,5433,15449,NA,2977,6946,19379,335,4901,5647,13704,3435,13133,2904,9746,11802,19153,12440,8695,12666,1756,NA,9247,4616,6179,5011,3647,11429,16667,10071,13747,10206,147,4470,11915,10416,9570,NA,13428,15833,207,9340,1752,9457,3313,NA,164,505,14138,NA,688,11617,7273,5296,18441,6760,2894,3714,9063,8588,2377,16181,12924,18490
8362,17796,1561,18143,7741,263,4041,13552,10205,902,3554,9911,1099,16664,2458,15404,8510,1585,2399,19713,2329,14610,19446,18386,17633,3335,19144,3131,8828,10175,5233,2659,2177,16651
5437,14762,12705,3829,1622,17092,4514,10227,11925,17580,13662,14358,NA,19914,15986,10888,2669,5071,178,17042,11641,5684,10633,193,13831,NA,8970,12551,NA,18744,749,19995,18895,2003,3475,18123,7629,11458,2635,18795,9541,9019,12965,8374,15066,4602
4840,7656,17490,6036,13653,13182,18586,10771,17411,596,15657,8035,13964,4419,13747,NA,15555,14745,6720,9132,7871,14005,7532,NA,8710,3365,5885,5762,NA,16709,3960,7813,7764,17940,16595,10163,9220,4630,3393,517,8464,11433,NA,11130,NA,417,6243,NA,13685,NA,17802,3930,10323,389,NA,18491,1509,17781,12176,10541,330,15810
18237,17068,4426,4035,19878,17133,14465,17239,11195,4960,16958,1622,12925,6548,10225,3177,NA,6299,5821,1436,16197,NA,7950,6548,3051,1436,18258,6589,7769,7385,16738
10158,9052,14556,4452,1971,3782,15372,14570,3499,1054,2722,12873,15186,3205,18213,4252,9685,2112,12358,3622,NA,1691,18014,19847,1647,7793,16699,2059,8291,5884,8366,9864,17398,1501
2055,4486,3306,10109,11751,15390,19925,2459,12562,15779,926,2344,10475,3817,1473,18301,10920,6431,947,9344
11939,13421,11577,7022,15352,19953,18114,12096,10219,8021,10881,5200,851,19145,7960,3641,2250,958,7020,8400,13392,844,17253,8183,18220
6168,16864,13262,18814,12074,15480,4734,2225,1397,3884,13090,19493,13409,6206,7182,1628,9079,18133,9075,234,11720,8996,2127,8667,13673,18249,NA,735,15663,267,13328,15941,NA,7411,16499,14717,6883,5217,384,2326,9529,NA,6777,1482,6779,14409,7075,3380,19431,2958,815,13580,19005,5891,18349,15726
10736,10621,9859,15606,19878,5670,15626,12622,8789,16457,14187,13861,12699,18167,14123,13540,6049,1204,828,17420,12187,15295,8534,10314,16447,9023,9195,12484,6116,2828,18097,15492,7197
13391,18207,6777,13969,9593,9785,13743,9417,15333,17547,7116,6892,NA,3765,18510,11240,NA,1423,7373,11615,18581,17304,8571,8791,10561,13149,13796,8338,8543,8872,11756
4523,16273,14778,3814,2468,15731,1207,19001,2807,11114,19119,6442,3657,16088,16137,NA,9094,6125,1448,16779,NA,7757,NA,14833,NA,4844,17818,5539,NA,1378,8289,1800,NA,19931,NA,16335,18173,1413,16585,2351,6866,5071,17654,15057,2524,6796,11822,16554,1593,19753,15050,6317,13291,16849,11757,10364,11081,10721
18946,11624,10737,14902,12451,2629,16928,5747,2307,14242,7767,9651,14739,11300,1720,NA,6313,10261,9437,7924,NA,3305,13881,16345,13104,7945,7628,12905,8379,2934,6804,1421,8647,15950,2869,6854,NA,10144,1606,NA,2947,17283,9290,5011,16155,NA,6197,NA,12117,NA,8348,14830,9199,13234,14798,19164,17344,10305,10551,5232,8953,6937,19216,17619,7107,12814,16419,19064,19041,8775,7594,475,6358,8658,11747
10664,16815,4627,5039,15281,1034,16811,16915,4934,3912,15374,11610,1171,9476,11848,19158,7385,3793,4463,NA,11906,13542,8892,13759,17819,11563,16638,15625,5565,NA,504,4246,18167,8671,15138,15181,10654,9959,19140,8501,14345,2173,11539,18070,10818,5748,19333,17425,704,NA,394,11757,11430,15042,4774,13016,5184,12039,4133,14968,4455,1013,NA,6116,18833,1825,1948,3131,13589,5448,10053,19411,6198,4648,10615,6806,12588
13416,18740,17166,15527,14821,9107,8926,7456,2467,16199,17593,17002,1719,9402,18155,13990,6961,12320,13763,11693,12143,7971,7348,NA,7907,15967,13665,9005,NA,9009,1875,6279,10162,9975,19678,NA,4888,8089,2915,NA,17629,19480,84,17665,662,14380,10074,5245,16998,16850,9134,14646,7178,12627,5213,10266,14808,13884,10738,16400,8444,NA,14309,14678,17023,1793,5270,3312
14405,938,10217,1556,13767,6844,17591,4543,18389,6765,1653,19372,3656,NA,6359,2226,NA,14091,19713,1400,18502,NA,6175,6830,5791,14454,12383,18899,1849,9845,18076,11100,7422,3715,3952,3066,11896,6456,NA,13828,8983,16950,16852,1241,8427,NA,18599,15165,10390,NA,6396,15861,3424,9594,12051
3372,5865,19184,17349,18033,6034,5532,6574,17849,12763,7560,829,11776,4373,4694,2627,NA,13176,10062,16339,NA,16716,10119,NA,14756,10521,1831,9952,3573,NA,10547,6852,10712,11014,11366,9559,4705,13013,2162,NA,16844,1386,1872,NA,16480,9758,1305,3788,11609,10234,12368,13643,8244,10035,16202,19438,13277,10434,13666,NA,14433,NA,8814,12857,15019,171,NA,4918,10864,9674,8873,16498,15275,5012
1961,3239,5100,2676,5826,18643,5712,15049,10307,14490,15547,466,6541,8222,2709,2122,18529,2529,NA,14367,3843,4748,1960,7047,1179
8792,8098,4709,15473,13461,10248,14785,8392,6546,19422,19685,19506,7444,NA,17856,NA,16402,9728,10699,NA,14362,13543,14927,14393,10127,19983,NA,13584,18075,NA,274,17628,14637,16754,18333,792,3656,8311,4872,12172,6662,11205,10952,1958,15988,570,333,5967,19542,NA,1552,4785,14323,59,10910,4318,8875,7052,3566,14898,NA,13747,NA,19877,14065,15252,17894,3154,10848
10380,19929,10137,4869,3585,12002,11059,17836,4058,2948,14109,4834,15523,780,NA,16563,6651,NA,6938,2987,NA,9448,1913,19072,6218,8844,8838,6134,11063,10720,3794,13248,NA,752,16205,4712,NA,19160,3925,10658,6225,18942,2384,11152,NA,3849,3482,11209,6724,14552,18547,NA,15692,4848,2503,19984,17083,12424,11825,7566,15768,16101,10804,5833,8326,18700,2649
18892,13494,12911,13591,757,6473,563,7508,993,8243,17730,8529,5343,14458,2378,NA,15993,16149,5212,15908,10768,2705,2423,15912,9839,16623,9508,16923,18298,2573,15103,4339,14506,10783,1665,NA,5953,4078,NA,1227,15315,1252,1806,18398,19902,3537,14105,NA,2212,7745,16820,6513,4799
18546,8573,14328,14888,15358,16122,4740,7986,6313,15707,16253,19812,3225,8562,10203,16957,568,14977,5781,3856,464
7294,12038,8944,8096,9035,13652,7495,5204,13909,11510,5028,16720,12851,3240,16663,7229,9518,NA,2517,16946,9184,NA,16285,7676,982,14088,15091,1746,18423,9206,18511,11823,8700,14119,4163,NA,17972,19633,11331,4099,NA,6969,15583,2858,8486,5685,15533,12764
8729,17456,10020,6285,7229,7786,7830,4694,14400,9547,12235,15140,9490,814,NA,10711,14593,13711,1617,2259,5575,5863,992,6410,8990,16212,15208,9919,13375,3294
5889,3645,9287,902,16404,19848,13972,10676,1993,1002,141,8716,NA,9035,NA,12025,5793,15157,12367,3084,11752,NA,4464,13587,425,17402,19022,9491,6209,15362,6168,2118,2227,19295,866,10820,18214,12059,NA,7610,10941,9691,17150,330,11070,19176,8547,13594,NA,10994,13042,12942,11474,6441,12019,4232
1773,5687,11797,1434,16431,4196,5680,4250,6501,13778,6692,13466,3590,9228,13468,19823,6803,16061,7163,16717,13807,208,13797,18264,15122,8577,19661,3164,19409,1641,15806,NA,14001,NA,2073,14530,4096,12964,5391,9738,6955,2899,14120,7395,10990,12447,9003,16706,15038,16417,18815,18695
14901,12646,12779,9235,2119,4199,3458,18822,4123,3545,19333,13142,8528,2860,1773,18336,3329,4957,17809,11235,19308,15174,14431,NA,4304,9816,11413,5241,11946,4541,17749,6066,5711,14730
18931,2944,15791,12796,14621,15937,4434,389,5044,3726,12993,14131,860,19221,16413,4510,13471,10221,4420,15605,9512,16237,9218,18808,8953,NA,6558,9332,996,10938,10665,19345,17947,12171,12579,15566,NA,9821,17877,8613,871,10417,2621,11982,8459,9713,940
18084,5682,13402,16589,11696,14600,11579,14782,10222,8477,12498,13313,12397,6037,5399,11729,7173,5725,11541,16666,5112,19843,3424,847,NA,1138,3795,7554,6741,9014,1906,3654,10684,15222,13870,8982,17629,7935,7187,12254,2205,9823,NA,15098,6250,14518,13791,16455,2187,NA,19445,14808,13042,5783,NA,4532,12780,4141,4296,NA,2451,5915,19222,19463,NA,686,12402,18957,10894,7542,7180
16103,15283,9594,6561,10618,1462,1516,12699,13307,16548,10300,12012,16020,9429,15060,6296,NA,15141,10848,14671,13526,3371,18304,17208,7267,16816,10319,10110,NA,9411,1245,10758,10073,12817
12037,912,12092,3277,11378,5757,6050,8757,9527,1662,8364,11839,806,17440,NA,19939,247,NA,7950,17178,15321,19100,12098,10078,13569,4115,7290,NA,7149,10677,NA,2884,430,992,1368,13386,713,3589,383,NA,14411,15709,8888,2759,18629
16082,10724,13339,5553,16805,2247,15657,7887,15310,3292,2830,17806,17302,2449,14604,17501,12812,11614,7583,9380,4788,19173,14920,NA,10136,18350,1797,1061,2837,6336,16470,4363,NA,16692,6750,6850,6150,4231,414,8503,17360,9471,14813,5958,6667,19589,17460,14246,15438,11051,1213,2148,14747,3873,9974,11075,8510,19295,19907,5295,429,2017,1838,13948,309,765,10603,16982,NA,6881,NA,1237,5924,15942,16788,13781,3674,773
18108,716,17022,1445,10312,6113,3574,3740,3812,15713,11688,1238,12492,236,1023,4876,4253,NA,10536,9533,8407,3853,NA,8139,16439,2613,9209,17460,19712,5202,12627,NA,11003,6857,15468,NA,12185,17608,18245,8356,6048,NA,17422,NA,2062,13302,9141,1997,3329,7559,18225,6720,8856,19718,547,8839,12340,15959,19179,5154,18984,12767,10808,16121,2641,9121,4970,3956
3405,1348,4226,13717,5333,16670,3226,4188,15038,2925,15823,3585,10802,NA,19954,14662,6060,15653,4671,8599,16139,11554,6491,8478,3475,12181,8501,17985,15150,4395,15930,7419,19956,NA,9345,6629,7023,12392,9419,8148,15779,9923,NA,17225,19511,5919,12877,12216,9297,6602,NA,8980,4080,2489,8636,15537,12143,18215,15683,19144,11460,16284
6827,5268,6935,4395,2901,14249,16289,5695,11751,12840,10622,17108,7601,14935,3492,6698,1355,10611,519,3686,NA,419,18277,5038,4179,12202,4668,18984,NA,50,19400,3071,1667,6143,6364,15767,18236,8039,2308,16178,11340,12966,10963,10855,12873,9502,8094,15366,12559,19243,2776,NA,13942,17748,17044,7085,17316,6330,7762,126
14327,17582,8909,11114,3049,5819,13654,15453,13171,359,9533,6756,4536,5514,10087,17069,1017,9170,5050,11345,7620,8186,3904,15133,12238,11678,8717,4970,7692,7903,5211,350,5146,15558,18629,13019,4678,6292,17479,18903,14051,4857,19955,2208,9262,4059,18998,7980,2060,16705,16992,2385,10460,6628,1913,3616,NA,15355,4146,9266,6545,6964,12364,7543,2928,908,16789,5298,6692,2894,11202,5867,9407,18682,5901
